0	100
-0,0269564	99,9995
-0,0539258	99,998
-0,0809058	99,9955
-0,107894	99,9921
-0,134888	99,9876
-0,161885	99,9822
-0,188883	99,9757
-0,21588	99,9683
-0,242872	99,9599
-0,269859	99,9506
-0,296836	99,9403
-0,323803	99,929
-0,350756	99,9167
-0,377693	99,9035
-0,404612	99,8893
-0,43151	99,8741
-0,458385	99,858
-0,485234	99,8409
-0,512056	99,8229
-0,538847	99,8039
-0,565606	99,784
-0,59233	99,7631
-0,619016	99,7413
-0,645663	99,7186
-0,672268	99,6949
-0,698829	99,6703
-0,725342	99,6447
-0,751807	99,6182
-0,77822	99,5908
-0,804579	99,5624
-0,830883	99,5332
-0,857127	99,503
-0,883311	99,4719
-0,909432	99,4398
-0,935488	99,4069
-0,961475	99,373
-0,987393	99,3382
-1,01324	99,3025
-1,03901	99,266
-1,0647	99,2285
-1,09032	99,1901
-1,11585	99,1508
-1,1413	99,1106
-1,16666	99,0695
-1,19193	99,0275
-1,21712	98,9846
-1,24221	98,9409
-1,2672	98,8962
-1,2921	98,8507
-1,31689	98,8043
-1,34159	98,757
-1,36618	98,7089
-1,39066	98,6598
-1,41504	98,6099
-1,4393	98,5591
-1,46345	98,5075
-1,48748	98,455
-1,5114	98,4016
-1,5352	98,3474
-1,55887	98,2923
-1,58242	98,2363
-1,60584	98,1795
-1,62913	98,1219
-1,65229	98,0634
-1,67532	98,004
-1,69821	97,9438
-1,72096	97,8828
-1,74358	97,8209
-1,76605	97,7582
-1,78838	97,6946
-1,81055	97,6302
-1,83259	97,565
-1,85446	97,4989
-1,87619	97,4321
-1,89776	97,3644
-1,91917	97,2958
-1,94043	97,2265
-1,96152	97,1563
-1,98244	97,0853
-2,0032	97,0135
-2,0238	96,9409
-2,04422	96,8675
-2,06446	96,7933
-2,08454	96,7182
-2,10443	96,6424
-2,12415	96,5657
-2,14369	96,4883
-2,16304	96,41
-2,18221	96,331
-2,20119	96,2512
-2,21997	96,1706
-2,23857	96,0892
-2,25698	96,007
-2,27518	95,924
-2,29319	95,8402
-2,311	95,7557
-2,32861	95,6703
-2,34601	95,5842
-2,36321	95,4974
-2,3802	95,4097
-2,39697	95,3213
-2,41354	95,2321
-2,42989	95,1422
-2,44602	95,0514
-2,46194	94,96
-2,47763	94,8677
-2,49311	94,7747
-2,50835	94,681
-2,52337	94,5864
-2,53817	94,4912
-2,55273	94,3952
-2,56706	94,2984
-2,58115	94,2009
-2,59501	94,1026
-2,60863	94,0037
-2,62201	93,9039
-2,63514	93,8034
-2,64803	93,7022
-2,66068	93,6003
-2,67308	93,4976
-2,68522	93,3942
-2,69712	93,2901
-2,70876	93,1852
-2,72014	93,0796
-2,73127	92,9733
-2,74214	92,8663
-2,75274	92,7585
-2,76308	92,65
-2,77316	92,5409
-2,78297	92,431
-2,79251	92,3204
-2,80178	92,209
-2,81077	92,097
-2,81949	91,9843
-2,82794	91,8708
-2,8361	91,7567
-2,84399	91,6418
-2,85159	91,5263
-2,85891	91,4101
-2,86594	91,2931
-2,87269	91,1755
-2,87915	91,0572
-2,88531	90,9382
-2,89119	90,8185
-2,89677	90,6981
-2,90205	90,577
-2,90703	90,4553
-2,91172	90,3328
-2,9161	90,2097
-2,92018	90,0859
-2,92396	89,9615
-2,92743	89,8363
-2,93059	89,7105
-2,93344	89,584
-2,93597	89,4569
-2,9382	89,3291
-2,94011	89,2006
-2,9417	89,0714
-2,94298	88,9416
-2,94393	88,8111
-2,94456	88,68
-2,94487	88,5482
-2,94486	88,4158
-2,94451	88,2826
-2,94384	88,1489
-2,94284	88,0145
-2,94151	87,8794
-2,93985	87,7437
-2,93785	87,6074
-2,93551	87,4704
-2,93284	87,3327
-2,92983	87,1945
-2,92648	87,0555
-2,92278	86,916
-2,91874	86,7758
-2,91436	86,635
-2,90963	86,4935
-2,90455	86,3514
-2,89912	86,2087
-2,89334	86,0653
-2,88721	85,9213
-2,88072	85,7767
-2,87388	85,6314
-2,86668	85,4856
-2,85913	85,3391
-2,85121	85,192
-2,84293	85,0443
-2,83429	84,8959
-2,82529	84,7469
-2,81592	84,5974
-2,80618	84,4472
-2,79607	84,2964
-2,7856	84,1449
-2,77476	83,9929
-2,76354	83,8403
-2,75195	83,687
-2,73998	83,5332
-2,72764	83,3787
-2,71492	83,2237
-2,70183	83,068
-2,68835	82,9117
-2,67449	82,7549
-2,66025	82,5974
-2,64563	82,4393
-2,63062	82,2807
-2,61522	82,1214
-2,59944	81,9616
-2,58327	81,8011
-2,56671	81,6401
-2,54976	81,4785
-2,53242	81,3163
-2,51468	81,1535
-2,49655	80,9901
-2,47802	80,8261
-2,4591	80,6616
-2,43978	80,4965
-2,42006	80,3307
-2,39994	80,1644
-2,37942	79,9976
-2,3585	79,8301
-2,33718	79,6621
-2,31545	79,4934
-2,29331	79,3243
-2,27077	79,1545
-2,24783	78,9842
-2,22447	78,8132
-2,20071	78,6418
-2,17653	78,4697
-2,15194	78,2971
-2,12694	78,1239
-2,10153	77,9501
-2,07571	77,7758
-2,04946	77,6009
-2,02281	77,4255
-1,99573	77,2494
-1,96824	77,0729
-1,94033	76,8957
-1,912	76,718
-1,88325	76,5397
-1,85408	76,3609
-1,82448	76,1815
-1,79447	76,0016
-1,76402	75,8211
-1,73316	75,64
-1,70187	75,4584
-1,67015	75,2762
-1,63801	75,0935
-1,60543	74,9102
-1,57243	74,7264
-1,539	74,542
-1,50514	74,3571
-1,47085	74,1716
-1,43613	73,9856
-1,40097	73,799
-1,36538	73,6119
-1,32936	73,4242
-1,29291	73,236
-1,25601	73,0472
-1,21869	72,8579
-1,18092	72,668
-1,14272	72,4776
-1,10409	72,2867
-1,06501	72,0952
-1,0255	71,9032
-0,985542	71,7106
-0,945148	71,5175
-0,904313	71,3238
-0,863038	71,1296
-0,82132	70,9349
-0,77916	70,7396
-0,736558	70,5438
-0,693512	70,3475
-0,650023	70,1506
-0,606089	69,9532
-0,56171	69,7552
-0,516886	69,5567
-0,471617	69,3577
-0,425901	69,1581
-0,379739	68,958
-0,333129	68,7574
-0,286072	68,5563
-0,238567	68,3546
-0,190614	68,1523
-0,142212	67,9496
-0,0933613	67,7463
-0,0440609	67,5424
0,00568937	67,3381
0,0558898	67,1332
0,106541	66,9278
0,157643	66,7218
0,209196	66,5153
0,2612	66,3083
0,313656	66,1008
0,366565	65,8927
0,419925	65,6841
0,473739	65,475
0,528005	65,2654
0,582725	65,0552
0,637898	64,8445
0,693524	64,6332
0,749604	64,4215
0,806139	64,2092
0,863128	63,9964
0,920571	63,783
0,978469	63,5692
1,03682	63,3548
1,09563	63,1399
1,15489	62,9244
1,21461	62,7084
1,27478	62,492
1,33541	62,2749
1,3965	62,0574
1,45804	61,8393
1,52004	61,6207
1,58249	61,4016
1,6454	61,1819
1,70876	60,9618
1,77258	60,7411
1,83686	60,5198
1,90159	60,2981
1,96678	60,0758
2,03243	59,853
2,09853	59,6297
2,16509	59,4059
2,2321	59,1815
2,29958	58,9566
2,3675	58,7312
2,43589	58,5052
2,50473	58,2788
2,57403	58,0518
2,64378	57,8243
2,71399	57,5962
2,78465	57,3676
2,85577	57,1386
2,92735	56,9089
2,99938	56,6788
3,07187	56,4481
3,14482	56,2169
3,21822	55,9852
3,29207	55,753
3,36638	55,5202
3,44115	55,2869
3,51636	55,0531
3,59204	54,8187
3,66817	54,5838
3,74475	54,3484
3,82179	54,1125
3,89928	53,8761
3,97723	53,6391
4,05563	53,4016
4,13448	53,1635
4,21378	52,9249
4,29354	52,6859
4,37375	52,4462
4,45442	52,2061
4,53553	51,9654
4,6171	51,7242
4,69912	51,4825
4,78159	51,2402
4,86451	50,9974
4,94789	50,7541
5,03171	50,5102
5,11598	50,2658
5,20071	50,0209
5,28588	49,7754
5,3715	49,5294
5,45757	49,2829
5,54409	49,0359
5,63106	48,7883
5,71848	48,5402
5,80634	48,2915
5,89465	48,0424
5,98341	47,7926
6,07262	47,5424
6,16227	47,2916
6,25236	47,0403
6,34291	46,7884
6,43389	46,536
6,52532	46,2831
6,6172	46,0297
6,70952	45,7756
6,80228	45,5211
6,89549	45,266
6,98914	45,0104
7,08323	44,7543
7,17776	44,4976
7,27273	44,2403
7,36814	43,9826
7,464	43,7242
7,56029	43,4654
7,65702	43,206
7,75419	42,946
7,8518	42,6856
7,94985	42,4245
8,04834	42,163
8,14726	41,9008
8,24662	41,6382
8,34641	41,375
8,44664	41,1112
8,5473	40,8469
8,6484	40,5821
8,74993	40,3167
8,8519	40,0508
8,9543	39,7843
9,05713	39,5172
9,16039	39,2497
9,26409	38,9815
9,36821	38,7128
9,47276	38,4436
9,57775	38,1738
9,68316	37,9035
9,789	37,6326
9,89527	37,3611
10,002	37,0891
10,1091	36,8166
10,2166	36,5435
10,3246	36,2698
10,433	35,9956
10,5418	35,7208
10,6511	35,4455
10,7608	35,1696
10,8708	34,8932
10,9814	34,6161
11,0923	34,3386
11,2037	34,0605
11,3154	33,7818
11,4276	33,5025
11,5402	33,2227
11,6533	32,9423
11,7667	32,6614
11,8806	32,3799
11,9949	32,0978
12,1096	31,8152
12,2247	31,532
12,3402	31,2482
12,4562	30,9639
12,5725	30,679
12,6893	30,3935
12,8065	30,1075
12,9241	29,8209
13,0421	29,5337
13,1605	29,2459
13,2793	28,9576
13,3985	28,6687
13,5182	28,3793
13,6382	28,0892
13,7587	27,7986
13,8795	27,5074
14,0008	27,2157
14,1225	26,9233
14,2445	26,6304
14,367	26,3369
14,4899	26,0428
14,6132	25,7482
14,7369	25,4529
14,8609	25,1571
14,9854	24,8607
15,1103	24,5638
15,2356	24,2662
15,3613	23,968
15,4873	23,6693
15,6138	23,37
15,7407	23,0701
15,8679	22,7696
15,9956	22,4686
16,1237	22,1669
16,2521	21,8647
16,3809	21,5618
16,5102	21,2584
16,6398	20,9544
16,7698	20,6498
16,9002	20,3446
17,031	20,0388
17,1621	19,7324
17,2937	19,4255
17,4257	19,1179
17,558	18,8097
17,6907	18,501
17,8238	18,1916
17,9573	17,8817
18,0912	17,5711
18,2254	17,26
18,3601	16,9482
18,4951	16,6359
18,6305	16,3229
18,7662	16,0094
18,9024	15,6952
19,0389	15,3805
19,1758	15,0651
19,3131	14,7491
19,4508	14,4326
19,5888	14,1154
19,7273	13,7976
19,866	13,4792
20,0052	13,1602
20,1447	12,8406
20,2846	12,5204
20,4249	12,1996
20,5656	11,8782
20,7066	11,5561
20,848	11,2335
20,9897	10,9102
21,1318	10,5863
21,2743	10,2618
21,4172	9,9367
21,5604	9,61097
21,704	9,28462
21,8479	8,95766
21,9922	8,63008
22,1369	8,30189
22,2819	7,97307
22,4273	7,64363
22,5731	7,31358
22,7192	6,9829
22,8657	6,6516
23,0125	6,31968
23,1597	5,98713
23,3073	5,65396
23,4552	5,32016
23,6034	4,98574
23,752	4,6507
23,901	4,31502
24,0503	3,97872
24,2	3,64179
24,35	3,30424
24,5004	2,96605
24,6511	2,62723
24,8022	2,28778
24,9536	1,9477
25,1054	1,60698
25,2575	1,26564
25,41	0,923657
25,5628	0,581041
25,716	0,237791
25,8695	-0,106095
26,0234	-0,450618
26,1776	-0,795778
26,3321	-1,14158
26,487	-1,48801
26,6422	-1,83509
26,7978	-2,1828
26,9537	-2,53116
27,1099	-2,88016
27,2665	-3,2298
27,4234	-3,58008
27,5807	-3,93101
27,7383	-4,28258
27,8962	-4,63479
28,0545	-4,98765
28,2131	-5,34116
28,372	-5,69531
28,5313	-6,05011
28,6909	-6,40556
28,8508	-6,76166
29,0111	-7,1184
29,1717	-7,4758
29,3326	-7,83385
29,4939	-8,19255
29,6555	-8,5519
29,8174	-8,9119
29,9797	-9,27256
30,1422	-9,63387
30,3051	-9,99583
30,4684	-10,3585
30,6319	-10,7217
30,7958	-11,0857
30,96	-11,4503
31,1245	-11,8155
31,2893	-12,1814
31,4545	-12,548
31,62	-12,9152
31,7858	-13,2831
31,9519	-13,6516
32,1184	-14,0208
32,2851	-14,3907
32,4522	-14,7612
32,6196	-15,1324
32,7873	-15,5043
32,9554	-15,8768
33,1237	-16,25
33,2924	-16,6239
33,4614	-16,9984
33,6307	-17,3736
33,8003	-17,7494
33,9702	-18,126
34,1404	-18,5032
34,3109	-18,881
34,4818	-19,2596
34,653	-19,6388
34,8244	-20,0187
34,9962	-20,3992
35,1683	-20,7804
35,3407	-21,1623
35,5134	-21,5449
35,6864	-21,9281
35,8597	-22,3121
36,0333	-22,6967
36,2073	-23,0819
36,3815	-23,4679
36,556	-23,8545
36,7309	-24,2418
36,906	-24,6298
37,0815	-25,0185
37,2572	-25,4078
37,4332	-25,7978
37,6096	-26,1885
37,7862	-26,5799
37,9632	-26,972
38,1404	-27,3647
38,3179	-27,7582
38,4958	-28,1523
38,6739	-28,5471
38,8523	-28,9426
39,0311	-29,3387
39,2101	-29,7356
39,3894	-30,1331
39,569	-30,5314
39,7489	-30,9303
39,9291	-31,3299
40,1096	-31,7302
40,2903	-32,1312
40,4714	-32,5329
40,6528	-32,9352
40,8344	-33,3383
41,0163	-33,742
41,1986	-34,1465
41,3811	-34,5516
41,5639	-34,9574
41,747	-35,364
41,9304	-35,7712
42,114	-36,1791
42,298	-36,5877
42,4822	-36,997
42,6667	-37,407
42,8515	-37,8177
43,0366	-38,2291
43,222	-38,6411
43,4076	-39,0539
43,5936	-39,4674
43,7798	-39,8816
43,9663	-40,2965
44,1531	-40,7121
44,3401	-41,1283
44,5275	-41,5453
44,7151	-41,963
44,903	-42,3814
45,0911	-42,8005
45,2796	-43,2203
45,4683	-43,6408
45,6573	-44,062
45,8466	-44,4839
46,0362	-44,9065
46,226	-45,3299
46,4161	-45,7539
46,6065	-46,1786
46,7972	-46,6041
46,9881	-47,0302
47,1793	-47,4571
47,3708	-47,8846
47,5625	-48,3129
47,7545	-48,7419
47,9468	-49,1716
48,1394	-49,602
48,3322	-50,0331
48,5253	-50,4649
48,7187	-50,8975
48,9123	-51,3307
49,1062	-51,7647
49,3004	-52,1994
49,4948	-52,6348
49,6895	-53,0709
49,8845	-53,5077
50,0797	-53,9452
50,2752	-54,3835
50,471	-54,8224
50,667	-55,2621
50,8633	-55,7025
51,0599	-56,1436
51,2567	-56,5855
51,4538	-57,028
51,6512	-57,4713
51,8488	-57,9153
52,0466	-58,36
52,2448	-58,8054
52,4432	-59,2516
52,6418	-59,6984
52,8407	-60,146
53,0399	-60,5944
53,2393	-61,0434
53,439	-61,4932
53,639	-61,9436
53,8392	-62,3948
54,0397	-62,8468
54,2404	-63,2994
54,4414	-63,7528
54,6426	-64,2069
54,8441	-64,6617
55,0458	-65,1173
55,2478	-65,5736
55,4501	-66,0306
